Target Count Total:
+-----------+-----------+------------+
| combo.pkl | gofai.pkl | greedy.pkl |
+-----------+-----------+------------+
|    143838 |    190941 |     231127 |
+-----------+-----------+------------+


Target Count By Length Of Block Resolution:
+--------+-----------+-----------+------------+
| Length | combo.pkl | gofai.pkl | greedy.pkl |
+--------+-----------+-----------+------------+
|      1 |        81 |        81 |         81 |
|      2 |      1854 |      1552 |       1774 |
|      3 |     14784 |     14496 |      13840 |
|      4 |     38300 |     38479 |      36360 |
|      5 |     28300 |     28479 |      29060 |
|      6 |     18319 |     18479 |      19079 |
|      7 |      9440 |      8511 |      10124 |
|      8 |      8940 |      1489 |       8940 |
|      9 |      8440 |      8511 |       8440 |
|     10 |      7940 |      1489 |       7940 |
|     11 |      7440 |      8511 |       7440 |
|     12 |           |      1489 |       6940 |
|     13 |           |      8511 |       6440 |
|     14 |           |      1489 |       5940 |
|     15 |           |      8511 |       5440 |
|     16 |           |      1489 |       4940 |
|     17 |           |      8511 |       4440 |
|     18 |           |      1489 |       3940 |
|     19 |           |      8511 |       3440 |
|     20 |           |      1489 |       2944 |
|     21 |           |      8511 |       2512 |
|     22 |           |      1486 |       2300 |
|     23 |           |      8438 |       1806 |
|     24 |           |       499 |       1419 |
|     25 |           |       441 |       1499 |
|     26 |           |           |       1485 |
|     27 |           |           |       1431 |
|     28 |           |           |       1355 |
|     29 |           |           |       1389 |
|     30 |           |           |       1289 |
|     31 |           |           |       1275 |
|     32 |           |           |       1227 |
|     33 |           |           |       1197 |
|     34 |           |           |       1167 |
|     35 |           |           |       1137 |
|     36 |           |           |       1107 |
|     37 |           |           |       1077 |
|     38 |           |           |       1047 |
|     39 |           |           |       1017 |
|     40 |           |           |        987 |
|     41 |           |           |        957 |
|     42 |           |           |        927 |
|     43 |           |           |        897 |
|     44 |           |           |        867 |
|     45 |           |           |        837 |
|     46 |           |           |        807 |
|     47 |           |           |        777 |
|     48 |           |           |        747 |
|     49 |           |           |        717 |
|     50 |           |           |        687 |
|     51 |           |           |        657 |
|     52 |           |           |        627 |
|     53 |           |           |        597 |
|     54 |           |           |        567 |
|     55 |           |           |        537 |
|     56 |           |           |        507 |
|     57 |           |           |        477 |
|     58 |           |           |        447 |
|     59 |           |           |        417 |
|     60 |           |           |        387 |
|     61 |           |           |        357 |
|     62 |           |           |        327 |
|     63 |           |           |        297 |
|     64 |           |           |        267 |
|     65 |           |           |        237 |
|     66 |           |           |        207 |
|     67 |           |           |        177 |
|     68 |           |           |        147 |
|     69 |           |           |        117 |
|     70 |           |           |         87 |
|     71 |           |           |         57 |
|     72 |           |           |         29 |
|     73 |           |           |         20 |
|     74 |           |           |         27 |
|     75 |           |           |         23 |
|     76 |           |           |         15 |
|     77 |           |           |         14 |
|     78 |           |           |          6 |
|     79 |           |           |          7 |
|     80 |           |           |          3 |
|     81 |           |           |          1 |
+--------+-----------+-----------+------------+


Compare gofai.pkl v. greedy.pkl:
+--------+---------+-------+--------+
| Length | Better# | Same# | Worse# |
+--------+---------+-------+--------+
|      1 |       0 |    81 |      0 |
|      2 |     116 |  1433 |      3 |
|      3 |    1600 | 12767 |    129 |
|      4 |    5421 | 32582 |    476 |
|      5 |    4031 | 24092 |    356 |
|      6 |    2641 | 15603 |    235 |
|      7 |    1278 |  7161 |     72 |
|      8 |     103 |   530 |    856 |
|      9 |     927 |   639 |   6945 |
|     10 |      76 |     0 |   1413 |
|     11 |     684 |     0 |   7827 |
|     12 |       0 |     0 |   1489 |
|     13 |       0 |     0 |   8511 |
|     14 |       0 |     0 |   1489 |
|     15 |       0 |     0 |   8511 |
|     16 |       0 |     0 |   1489 |
|     17 |       0 |     0 |   8511 |
|     18 |       0 |     0 |   1489 |
|     19 |       0 |     0 |   8511 |
|     20 |       0 |     0 |   1489 |
|     21 |       0 |     0 |   8511 |
|     22 |       0 |     0 |   1486 |
|     23 |       0 |     1 |   8437 |
|     24 |       0 |    18 |    481 |
|     25 |       0 |    81 |    360 |
+--------+---------+-------+--------+


Compare gofai.pkl v. combo.pkl:
+--------+---------+-------+--------+
| Length | Better# | Same# | Worse# |
+--------+---------+-------+--------+
|      1 |       0 |    81 |      0 |
|      2 |       0 |  1549 |      3 |
|      3 |       0 | 14367 |    129 |
|      4 |       0 | 38003 |    476 |
|      5 |       0 | 28123 |    356 |
|      6 |       0 | 18244 |    235 |
|      7 |       0 |  8439 |     72 |
|      8 |       0 |   557 |    932 |
|      9 |       0 |   882 |   7629 |
|     10 |       0 |     0 |   1489 |
|     11 |       0 |     0 |   8511 |
|     12 |       0 |     0 |   1489 |
|     13 |       0 |     0 |   8511 |
|     14 |       0 |     0 |   1489 |
|     15 |       0 |     0 |   2214 |
+--------+---------+-------+--------+


Compare greedy.pkl v. gofai.pkl:
+--------+---------+-------+--------+
| Length | Better# | Same# | Worse# |
+--------+---------+-------+--------+
|      1 |       0 |    81 |      0 |
|      2 |     247 |  1433 |     36 |
|      3 |     417 | 12767 |    656 |
|      4 |     297 | 32582 |   3481 |
|      5 |     177 | 24092 |   4791 |
|      6 |      75 | 15603 |   3401 |
|      7 |     925 |  7161 |   2038 |
|      8 |    7623 |   530 |    787 |
|      9 |    6874 |   639 |    927 |
|     10 |    7864 |     0 |     76 |
|     11 |    6756 |     0 |    684 |
|     12 |    6940 |     0 |      0 |
|     13 |    6440 |     0 |      0 |
|     14 |    5940 |     0 |      0 |
|     15 |    5440 |     0 |      0 |
|     16 |    4940 |     0 |      0 |
|     17 |    4440 |     0 |      0 |
|     18 |    3940 |     0 |      0 |
|     19 |    3440 |     0 |      0 |
|     20 |    2940 |     0 |      0 |
|     21 |    2313 |     0 |      0 |
|     22 |     648 |     0 |      0 |
|     23 |      40 |     1 |      0 |
|     24 |     360 |    18 |      0 |
|     25 |       0 |    81 |      0 |
+--------+---------+-------+--------+


Compare greedy.pkl v. combo.pkl:
+--------+---------+-------+--------+
| Length | Better# | Same# | Worse# |
+--------+---------+-------+--------+
|      1 |       0 |    81 |      0 |
|      2 |       0 |  1738 |     36 |
|      3 |       0 | 13184 |    656 |
|      4 |       0 | 32879 |   3481 |
|      5 |       0 | 24269 |   4791 |
|      6 |       0 | 15678 |   3401 |
|      7 |       0 |  8050 |   2074 |
|      8 |       0 |  7550 |   1390 |
|      9 |       0 |  7050 |   1390 |
|     10 |       0 |  6550 |   1390 |
|     11 |       0 |  6050 |   1390 |
|     12 |       0 |     0 |    760 |
+--------+---------+-------+--------+


Compare combo.pkl v. gofai.pkl:
+--------+---------+-------+--------+
| Length | Better# | Same# | Worse# |
+--------+---------+-------+--------+
|      1 |       0 |    81 |      0 |
|      2 |     247 |  1549 |      0 |
|      3 |     417 | 14367 |      0 |
|      4 |     297 | 38003 |      0 |
|      5 |     177 | 28123 |      0 |
|      6 |      75 | 18244 |      0 |
|      7 |    1001 |  8439 |      0 |
|      8 |    8383 |   557 |      0 |
|      9 |    7558 |   882 |      0 |
|     10 |    7940 |     0 |      0 |
|     11 |    7440 |     0 |      0 |
+--------+---------+-------+--------+


Compare combo.pkl v. greedy.pkl:
+--------+---------+-------+--------+
| Length | Better# | Same# | Worse# |
+--------+---------+-------+--------+
|      1 |       0 |    81 |      0 |
|      2 |     116 |  1738 |      0 |
|      3 |    1600 | 13184 |      0 |
|      4 |    5421 | 32879 |      0 |
|      5 |    4031 | 24269 |      0 |
|      6 |    2641 | 15678 |      0 |
|      7 |    1390 |  8050 |      0 |
|      8 |    1390 |  7550 |      0 |
|      9 |    1390 |  7050 |      0 |
|     10 |    1390 |  6550 |      0 |
|     11 |    1390 |  6050 |      0 |
+--------+---------+-------+--------+


